"","age","sex","BP_high","BP_medication","cholesterol","heart_attack","cardio_other","stroke","diabetes","PAEE","PAEE_home","PAEE_work","PAEE_leisure","PAEE_commute","bp_sys1","bp_dia1","pulse1","bp_sys2","bp_dia2","pulse2","bp_sys3","bp_dia3","pulse3","fa_FMaj","fa_FMin","md_FMaj","md_FMin","mk_FMaj","mk_FMin","lst_01_tlv","lst_01_n","lst_03_tlv","lst_03_n","lst_05_tlv","lst_05_n","lst_07_tlv","lst_07_n","lst_09_tlv","lst_09_n","MMSE","alcohol_new","smoking_new","BMI","social_class_new","edu_qualification_new","fa_ATR","fa_CST","fa_CG","fa_CH","fa_IFOF","fa_ILF","fa_SLF","fa_UF","md_ATR","md_CST","md_CG","md_CH","md_IFOF","md_ILF","md_SLF","md_UF","mk_ATR","mk_CST","mk_CG","mk_CH","mk_IFOF","mk_ILF","mk_SLF","mk_UF"
"age",343.400349974034,0.293330172277541,2.93460321826434,2.87842570943933,1.73333333333333,0.14875532939073,1.02325148296317,0.191325849642441,0.669613165383675,-149.90897352325,-14.8959039800625,-114.506872126312,-0.606661827567552,-20.3928893160306,134.661973097935,19.8520086595144,28.8289318775361,143.367627636242,21.7428091626776,21.0070728077882,138.44304231658,18.3032477614096,13.2732735172347,-3.35097052024652,-5.15186044778275,12.0292242012133,9.22558389570995,-6.23313307458231,-5.17082461384756,87.306293547862,173.718186998046,63.5948861379423,92.3135446060343,54.3106169958758,72.2319568048622,47.6392396217712,61.3671993705231,42.6715885744519,52.5605328847406,-7.50515898179183,3.56863437679368,1.53584366584189,22.5692950927887,-0.884372760863762,-4.52006975269499,-1.96886406844335,-1.63573160720304,-1.62774126534739,-1.04982134852424,-3.3605567741586,-3.0645348519428,-2.15185915089797,-2.35909155303577,14.5970544630218,4.56804355000241,3.72644262133468,2.53946060775675,7.5648926361404,5.22879147587751,7.81613028022534,4.62216238323944,-4.11214527625307,-5.84913906748038,-3.45279894879388,0.210379542467138,-4.89732607311378,-3.1422411278829,-5.20757667990755,-0.205410860176224
"sex",0.293330172277541,0.250339813497708,0.0126942648879109,0.00561820932471462,0.0160206005426036,0.00157704121395498,0.00578010760104842,-0.000718865176484913,0.00713985913998828,-0.0126889853589758,-1.22949724896053,0.627842930492358,0.418540147925756,0.135668816209999,1.37954939341421,0.275563258232236,-0.588910602339076,1.3115292444317,0.300314944630702,-0.401186869139609,1.20460234931639,0.179324932601579,-0.504862314654342,-0.0299885964658867,0.0180366416293514,0.0693577668640763,0.0260700252780586,-0.0427806566758149,0.00550908661948095,0.285003093119166,2.8195409159974,0.0784703983069243,0.454742782721945,0.0545215975689169,0.158183199479054,0.0480189114391144,0.0923865856305622,0.0432743379639679,0.0443347080529629,-0.0237929160250023,0.104463773235021,0.0820221186313242,-0.0114994826450755,0.0398302822540989,-0.0101934051997464,0.0180111921613944,0.0010835463912562,0.0444128856709519,-0.0140590916750927,0.00174522641918244,-0.0129169641051567,0.00811946867928164,0.0196161110308633,0.0170568499927777,-0.0167970188742838,-0.0010367607973422,-0.0201679961721797,0.0147572089412105,0.014982614112379,0.0167408283980933,-0.00631751649092397,0.0174479203380038,-0.0420036246328663,0.0155646309403438,0.0796390452116135,-0.00643181905724877,-0.00618854711348646,-0.0222993073811931,0.0306488592373249
"BP_high",2.93460321826434,0.0126942648879109,0.157309861092009,0.126823453903635,0.0336230284636961,0.00125613166460368,0.0198923989515795,0.00158759149725333,0.0202480501450572,-2.18372070447389,-0.323186250740149,-1.37671402575067,-0.247519361529165,-0.258305175159394,2.07577283100843,0.384569618862813,0.934874217852126,2.1496129546187,0.363251059586138,0.872503055621431,1.94339460889373,0.307331022742581,0.69889042656118,-0.0426138661482786,-0.0542308983763693,0.125782340571205,0.112047347906886,-0.084726069860133,-0.0654641192292645,1.15935945059451,2.12089654229876,0.864138950389504,0.816796501298346,0.757443023096898,0.66103594369277,0.674682957496242,0.63870438704387,0.613196337296706,0.578201448681154,-0.102395360564801,0.0345338930425495,0.012815309186342,0.554651549550293,-0.0299297114268866,-0.0766933370120016,-0.0307734411678404,-0.0202860106122848,-0.029103349105047,-0.0129146599911972,-0.0456112063526995,-0.0395117575068466,-0.0310090040590767,-0.036814541153169,0.171560911458333,0.0584751176154147,0.0409124454714397,0.0247451439016041,0.0942021773523083,0.0581622333480047,0.0994424672339593,0.0636788723836072,-0.053155722564554,-0.0777513703051643,-0.0495576981856416,0.00593622897104851,-0.0659376306973787,-0.04568146530223,-0.0830056548317684,-0.0201344758656103
"BP_medication",2.87842570943933,0.00561820932471462,0.126823453903635,0.132783202677303,0.0311123373338851,0.00159996332462293,0.0167540350393158,0.00188028904468204,0.0204002564445531,-2.10417685623333,-0.402122340080829,-1.3471676857782,-0.140620488596875,-0.225670817315321,1.49124348600788,0.134661150367957,0.814285106201847,1.59549045004287,0.0979805534779357,0.757404941289503,1.30100547438551,0.0800368633118195,0.600232079654146,-0.0472044028755869,-0.0568053883020344,0.13381468114241,0.111518381259781,-0.094435341206964,-0.0700345060641627,1.13810895175618,1.74035807024737,0.86079692496925,0.797211972119721,0.755674771081044,0.648202815361487,0.67346323629903,0.631447314473145,0.612949801831352,0.582520158534919,-0.0880598725530647,0.0477234903996622,0.00554861146344051,0.468118222130996,-0.0134585021590671,-0.0587483331034166,-0.030635908157277,-0.0198703741197183,-0.0299325647985133,-0.0144780621576682,-0.0445117495598592,-0.0379039864534429,-0.0300010793231612,-0.0341521359057121,0.173612701242175,0.0597006695031299,0.0420192062793427,0.0309302545481221,0.0943826000097809,0.0581800789808294,0.0979862411971831,0.0600985565825509,-0.0553035147691706,-0.084897122456964,-0.0577045102210485,-0.00395069542253522,-0.0705098056044601,-0.0519226939064945,-0.0861280780516432,-0.0222533316216745
"cholesterol",1.73333333333333,0.0160206005426036,0.0336230284636961,0.0311123373338851,0.120145307398722,0.00631811284315078,0.0134956252219675,0.000500286549103242,0.0197036358505318,-1.41363621520244,-0.353049045640219,-0.954168844018877,0.0182378621984108,-0.165800185592985,0.425471201303075,-0.0650312909507305,0.374254018233076,0.861595211071651,0.155475414637718,0.284653827847545,0.735499431591237,0.0513810796694012,0.244910437213875,-0.0254792642304541,-0.0293984095446941,0.0607902921885195,0.0547511565386748,-0.0349808854695572,-0.0324914357268655,0.544435178351783,1.56525898592319,0.373444376110428,0.62413557468908,0.315051373513735,0.499671996719967,0.267987248872489,0.392797594642613,0.24160118901189,0.334508678420118,-0.0595944268174921,0.0185935483227932,0.0348318089501418,0.239196595432914,-0.0219507890167344,-0.046395247473606,-0.0112276510858954,-0.0104005563159521,-0.016428466549909,-0.0132734462154326,-0.0228753425463965,-0.0202805857261297,-0.0162902853204213,-0.0205123266418434,0.0770317482743903,0.0276584649310001,0.0472693663198277,0.0251809562354973,0.0400193566309035,0.0204393502779127,0.0461414849073543,0.0305894129493085,-0.0141010814801732,-0.0491139076535143,-0.0304381186807365,0.0148779966984071,-0.0230100541598599,-0.0206393764012147,-0.0436633187140958,-0.00188821385295402
"heart_attack",0.14875532939073,0.00157704121395498,0.00125613166460368,0.00159996332462293,0.00631811284315078,0.00900838949250447,-0.000703545316595392,-0.0000702474113828905,0.00415799936350093,-0.244280020562677,-0.0965378703329496,-0.0935349920502452,-0.0418802229236569,-0.0194812025260811,-0.00709674269883694,-0.0241643173580346,-0.0715957944919763,-0.0369350140771415,-0.00573423086512092,-0.083873007765231,-0.0432807122824636,-0.0336148090088545,-0.0928471703427921,-0.00454777044209703,-0.00238284722222222,0.00472839397496087,0.00478530027386541,-0.007820626907277,-0.00308162460876369,0.0528922919229192,0.175099084324177,0.0346155118217849,0.0841875085417521,0.0281419160858275,0.0596419297526309,0.0207278392783928,0.0645756457564576,0.0173745387453875,0.0591225912259123,0.000135240452940907,-0.00120966740356194,-0.00336237552522704,0.0141907546500513,-0.0031506210884742,-0.0032142364464064,-0.00073945373630673,0.000975739925665101,-0.000241524598982784,-0.000796068319640062,-0.000814939602895148,-0.000560852161580594,-0.000681899941314557,-0.000276928061424101,0.0109291718016432,0.00362149990219092,0.000561507726917059,0.000802935005868544,0.00296727968505477,0.00017211878912363,0.0028206484741784,0.000645055506651018,-0.00226338468309859,-0.000461195226917059,-0.00186875366784038,0.000759040492957744,-0.00124678379303599,-0.000692381406494524,-0.00312246576682316,0.000215768045774649
"cardio_other",1.02325148296317,0.00578010760104842,0.0198923989515795,0.0167540350393158,0.0134956252219675,-0.000703545316595392,0.0714098496344323,0.0009465515459559,0.00418916230632931,-0.874546869808063,-0.126799348228443,-0.627744208532129,-0.0482259510876846,-0.0563245488222296,0.0234467808898632,-0.117368620871248,0.156000195267211,0.246347892944752,0.0391358205494331,0.176137126398906,-0.0683934003133929,0.00727870464251698,0.121697852336621,-0.0176107767819035,-0.015908592726684,0.0505840839183481,0.036345338278364,-0.0389337717632861,-0.0198066095633361,0.281835770342834,0.973124053421451,0.170633539859562,0.482307586396806,0.122998347790169,0.308164670246455,0.0978498416632246,0.262315847445959,0.0792707421175823,0.23951535178301,-0.0406745758035591,0.0206866306855841,-0.0164906339491009,0.107989405507655,-0.00975060583509836,-0.00449008583512829,-0.004899086788232,-0.00847253410746611,-0.00692623993700972,-0.00554851612286046,-0.0123423274758267,-0.0119346681972714,-0.00713449563630476,-0.00958749834429776,0.0537212551694703,0.0155491953287121,0.00659820043563365,0.0151340982677675,0.0286504150293611,0.017129994333819,0.0290204780932197,0.0169630973405743,-0.0140537279055735,-0.0375717066242807,-0.0251250581335453,-0.00344316194975494,-0.0216933996350096,-0.0186396665783625,-0.0263491555918584,-0.00733177145422166
"stroke",0.191325849642441,-0.000718865176484913,0.00158759149725333,0.00188028904468204,0.000500286549103242,-0.0000702474113828905,0.0009465515459559,0.00759842833124933,-0.000328826839786169,-0.114572139629691,-0.000804731308973616,-0.0647245926243568,-0.0393928302709059,-0.00345879952705824,0.0837804605410239,-0.0211267605633803,0.0809425975890492,0.0547197950444318,-0.032398697987574,0.0334537983613456,-0.02693177781517,-0.0534117324458903,0.0442662079882339,-0.00141242276081349,-0.00256243750874878,0.00608994290799288,0.00533380951666767,-0.00361589657447957,-0.00335763843061971,0.0298048521437755,0.170635586114372,0.0147149365531891,0.0517077533679915,0.0115269718821622,0.0454189725529655,0.00882321538375538,0.0578567834982391,0.00593585443568674,0.0523226563810163,-0.010822784513724,0.00730909497252105,0.00328187875189656,-0.0143514037154789,-0.00704458084865451,-0.00582728135363917,-0.00121863101665767,0.0000296733457315976,-0.000949922635830984,0.000174842522046913,-0.00135159727638131,-0.00124186351410802,-0.000231657692922991,-0.000733727778111064,0.00792498800167976,0.00231171248525206,0.00138468526906233,0.00249172853300538,0.00288040449337093,0.00301817108104865,0.00393750249965005,0.0026124133871258,-0.0034983569800228,-0.00274150218969344,-0.00351064588457616,-0.00114034772631832,-0.00277902181194633,-0.00304586832843402,-0.00222268632391465,-0.00150660157577939
"diabetes",0.669613165383675,0.00713985913998828,0.0202480501450572,0.0204002564445531,0.0197036358505318,0.00415799936350093,0.00418916230632931,-0.000328826839786169,0.0421334710877216,-0.506359983550466,-0.071056802429157,-0.404770384763753,0.019696204027744,-0.0565008646090808,0.191341751927981,-0.0385227517129075,0.277448470968611,0.210062704370936,0.0160802419996816,0.281373617625807,0.234273733542996,-0.0728332254185552,0.287031726944778,-0.0182354072036338,-0.0148395503511267,0.0335863552703454,0.0287330113236517,-0.0249371417006639,-0.0135096917860465,0.287423126005659,0.548881984131388,0.22241925595073,0.141430394495922,0.19263853132109,0.125076291405426,0.171404871553016,0.138919713699162,0.15886845974588,0.126172113410642,-0.0299684979083165,-0.0214519967204591,0.0172532204774103,0.18738915397965,-0.021348830754949,-0.0292616803838022,-0.00617124119722642,-0.00556025833772139,-0.00923942904386254,-0.0106754003385777,-0.0133466718011053,-0.0129057633253446,-0.00833344475721323,-0.011063749058823,0.0391568832645187,0.0197090344384679,0.0423653708360605,0.0208947893239765,0.0223755665516749,0.0118847055653706,0.0252247780544579,0.0184586973371456,-0.0090384526803246,-0.0290988831365679,-0.00764191202885784,0.0102713290404177,-0.0140161872610148,-0.0110927521985404,-0.0181938839485637,0.000795795337667263
"PAEE",-149.90897352325,-0.0126889853589758,-2.18372070447389,-2.10417685623333,-1.41363621520244,-0.244280020562677,-0.874546869808063,-0.114572139629691,-0.506359983550466,478.614255764342,103.357279526643,205.745152192922,141.158442611377,24.0879575115637,-42.7200321884515,2.25532073261305,-16.6361227116656,-38.4257723894073,17.1306825418382,-12.3904216192626,-27.4698110600762,14.9823096538027,-9.84661621591918,1.953954047758,2.70542704945643,-5.76605238409959,-5.06572945965735,3.7466981376774,2.84996487148448,-55.6132127789506,-101.036516377417,-41.3075262232339,-47.9031759900292,-35.6237226883869,-38.8712589355697,-31.4850037721206,-32.5705607420963,-28.4380870615558,-27.9061976397282,4.07546658750248,-1.10372741858543,1.76934251019211,-9.42697485893713,-0.992982348146203,1.27441192132987,1.04942969031069,1.00216256786889,1.07621472654901,0.531227781253201,1.97281572210033,1.63161349882505,1.26369166993228,1.6791577979695,-7.30584213724891,-3.26110407332169,-3.51851635279914,-2.55328383772435,-4.50044095175038,-3.14813397426044,-4.37897179066361,-3.07481167025294,2.21394510197231,3.04968591434442,1.87508584450013,0.604052147405744,3.2039366599117,2.42472923150201,3.20797170597236,0.742102292906065
"PAEE_home",-14.8959039800625,-1.22949724896053,-0.323186250740149,-0.402122340080829,-0.353049045640219,-0.0965378703329496,-0.126799348228443,-0.000804731308973616,-0.071056802429157,103.357279526643,111.15553162886,-13.8615095697595,5.78845204215876,0.17909031183558,-19.1902693523094,-4.84775445953234,4.65031802208868,-20.8573996586463,-2.11137024399245,4.95414313365692,-13.5323424825774,-1.05419945274044,3.57326254604907,0.256862407628364,0.19421218961652,-0.863024679462089,-0.51487814967582,0.166143933092132,0.111393810496224,-4.89304313592206,-3.26156758480392,-4.02607804545686,-0.950053540686274,-3.51279564701863,-2.37265566519608,-3.26350042172892,-0.860799667647059,-2.9365809736652,-0.614784892156863,-0.0213334098262814,-0.248953618151871,0.429769673475103,-2.08920683457286,-0.909932100812163,-0.898187001071227,0.0284465865977288,-0.00185597786036974,-0.0322887368022909,0.0147555935678897,0.209823619456159,0.133834788521523,0.153484394887789,0.0351464456003836,-0.705201305392927,-0.431431305386114,-0.665008486358383,-0.252629681330231,-0.52975053755666,-0.229291113838336,-0.66307314776868,-0.202998710387155,0.0158761581287819,0.696701731627503,0.241727209017441,-0.474240790798835,0.337137763994578,-0.0905950224024231,0.413048133677293,-0.30423501513052
"PAEE_work",-114.506872126312,0.627842930492358,-1.37671402575067,-1.3471676857782,-0.954168844018877,-0.0935349920502452,-0.627744208532129,-0.0647245926243568,-0.404770384763753,205.745152192922,-13.8615095697595,195.006653916167,8.9992071792496,14.1269242913664,-17.4219445219172,18.0363618683998,-12.1242517839069,-16.8559318176922,21.5198539118284,-8.26050285441238,-15.5002194639168,20.3615104831395,-6.59396424156901,1.31442253181442,1.9946269096766,-4.88341447008118,-3.7737060712576,2.94278041271272,2.25345333979192,-40.5951646153902,-76.9560736287816,-30.0930531089106,-38.3088864340908,-25.9216805217065,-28.8419788111427,-22.7719521710231,-25.7914855136324,-20.4505978334492,-21.9285744677104,3.21561582531194,-1.08872649370725,0.155850934677089,-4.50309925759817,-0.360692251063855,1.92594235662794,0.878958538624184,0.628003571575415,0.89884738098223,0.580151724378906,1.38504298072956,1.0662751342088,0.829544751703407,1.27766616708363,-5.96493020777286,-2.11351652589343,-1.91517300682466,-1.74877467740879,-3.11192484025337,-2.20188746468273,-3.1120960439875,-2.31784287935247,1.88656371794239,1.93448684030419,1.65323324627819,0.721793444009168,2.21806754476214,1.62332205547531,2.21271984284603,0.763926889759552
"PAEE_leisure",-0.606661827567552,0.418540147925756,-0.247519361529165,-0.140620488596875,0.0182378621984108,-0.0418802229236569,-0.0482259510876846,-0.0393928302709059,0.019696204027744,141.158442611377,5.78845204215876,8.9992071792496,127.552280798559,-0.665226977387002,3.48844708069493,-9.20298210615362,-6.03086595433704,9.1596714472975,-1.27848157394816,-6.15462618471947,11.3322986853824,-2.74145715324988,-3.50419845575962,0.146552828176612,0.152368102007065,0.746335501590178,-0.204415822651532,0.270217672144508,0.138464362685659,-2.55474425861434,-7.33874325304596,-1.47361098953506,-0.65878310598401,-1.27744184154438,-1.44173474851046,-1.15373158971397,-0.639308697364421,-1.16528850019252,-0.78126504088035,0.0485130234654016,0.339853826240249,1.35592576169371,-0.269965328892505,-0.287250770709519,-0.42111071461138,-0.0142161533509864,0.299358453659592,0.076290890313741,-0.176846915586289,0.107222333694037,0.153207607851581,0.127303167493011,0.106786398615702,0.184551835630667,-0.391960622619034,-0.596314076130955,-0.303934805047955,-0.344327756745891,-0.354659424867333,-0.0797808897214308,-0.258028010785414,0.10524494243276,0.16777694379043,-0.233333000954782,0.28968462330507,0.317670124754329,0.615869486244884,0.223755167767983,0.263748234609682
"PAEE_commute",-20.3928893160306,0.135668816209999,-0.258305175159394,-0.225670817315321,-0.165800185592985,-0.0194812025260811,-0.0563245488222296,-0.00345879952705824,-0.0565008646090808,24.0879575115637,0.17909031183558,14.1269242913664,-0.665226977387002,10.4494727947698,-9.58609010928258,-2.78143484997008,-4.84021712613204,-10.7030539808855,-2.11063107699784,-4.62436962582723,-9.50243888913336,-3.00145146476885,-5.28748910618973,0.230683241286686,0.397538403922266,-0.675575463291684,-0.574812098109117,0.325759247551514,0.361626041224635,-6.05724881708874,-10.0589461322591,-4.56678344141001,-6.26125315922007,-3.94285207175747,-4.85721233775714,-3.45048733260337,-4.33480250176484,-3.10449853937913,-3.79466797342571,0.682698908211526,-0.0165125772349771,-0.300669284180581,-3.32130270016368,0.575980428134691,0.557378979381664,0.161267765813526,0.122821554194637,0.230661025953977,0.137603811867525,0.2657130067992,0.273697552026586,0.189280854935516,0.223199377291389,-0.77732090446417,-0.312182608258719,-0.352601174744337,-0.22976321008462,-0.452952363280527,-0.320966290908143,-0.510703798846492,-0.303400303093716,0.16958140523461,0.295982061240192,0.246922958629192,-0.0468848901971349,0.252863255754474,0.214109958612746,0.336021557300216,-0.00158858418275199
"bp_sys1",134.661973097935,1.37954939341421,2.07577283100843,1.49124348600788,0.425471201303075,-0.00709674269883694,0.0234467808898632,0.0837804605410239,0.191341751927981,-42.7200321884515,-19.1902693523094,-17.4219445219172,3.48844708069493,-9.58609010928258,315.028058160174,120.26796887606,17.1295695358302,266.850350502895,105.973394051311,16.4392043315345,251.778027512998,104.770920590218,11.3638431542461,-1.3887643430307,-1.78826147693416,4.51766800833961,3.61389634563039,-2.22258563412547,-1.93599193323166,25.1664974206608,76.2724304557921,16.2996001044796,37.2544403813504,13.677439989552,29.2268512472248,11.5557948609116,23.6560989943842,9.84868394932741,21.0673240172391,-2.65305459272097,-0.255096136142455,1.34487804878049,19.1761323966148,-0.93138753434491,-2.85704313498941,-0.604781816953341,-0.916680740075803,-0.449836467442713,-0.833601509623366,-1.49704927543226,-1.52326253708101,-0.920263962085674,-1.35587187666905,5.51269068357754,1.66894721144379,1.93248431593985,1.00557390301346,2.88920822538818,2.2153995492365,3.0353442340238,2.37722694027786,-1.15972899847493,-1.86846327387502,-1.04861418601958,0.80350068885414,-1.84947246513903,-1.19929069065591,-1.96166662837912,-0.204977969215523
"bp_dia1",19.8520086595144,0.275563258232236,0.384569618862813,0.134661150367957,-0.0650312909507305,-0.0241643173580346,-0.117368620871248,-0.0211267605633803,-0.0385227517129075,2.25532073261305,-4.84775445953234,18.0363618683998,-9.20298210615362,-2.78143484997008,120.26796887606,119.611900962762,32.3859117557416,107.179392939742,98.6408107284364,34.3802553023648,103.588619896977,97.1697687993453,31.3378496293087,-0.229390908154926,-0.190918985476471,-0.569020594197023,0.176773614408988,0.0970482397379719,0.244399310180628,-4.86594111597231,22.0766618780201,-5.47554721170171,5.04866462060859,-5.35142503591485,3.89088415828654,-5.20494839689173,2.5033792608071,-5.1401582865352,1.14754473031213,-0.447375072212594,-0.115738183539809,0.544656870171186,14.8578789590827,-0.861113517661328,-0.796414644714038,-0.0246414277716647,-0.304471942948334,-0.0826826567054689,-0.204231338198104,-0.266323269177558,-0.247487318455886,-0.184449628385552,-0.299853231276101,0.246887553329087,-0.115290476052586,-0.103388128607556,-0.373284986776317,0.0669826100525734,0.0103908766240034,-0.0297476696074079,0.15084964543799,0.227340191309048,0.0789623704175593,0.547462526785197,1.0861750040218,0.134598963018732,0.0206514359439649,0.205093274904603,0.42771811580214
"pulse1",28.8289318775361,-0.588910602339076,0.934874217852126,0.814285106201847,0.374254018233076,-0.0715957944919763,0.156000195267211,0.0809425975890492,0.277448470968611,-16.6361227116656,4.65031802208868,-12.1242517839069,-6.03086595433704,-4.84021712613204,17.1295695358302,32.3859117557416,116.2102793163,20.730808171044,29.8315883509023,108.779465189685,21.2007340197778,27.9862371291671,101.865837496177,-0.387348781105533,-0.611019944729772,0.681066218798289,1.17374684857112,-1.09638967434166,-0.727532714909497,25.3325667036698,39.3586260937704,19.8201961603761,11.7831722606765,17.4281107483349,12.1055243567977,15.9138964019851,10.8962060859344,14.601189761003,9.59416220451874,-2.13807847534977,-0.990768404224651,-0.447967995169082,7.68222017624917,-1.23997163382974,-0.766828782690566,-0.388843768794763,-0.164857870397086,-0.415287659895743,0.0673452342252229,-0.508235209924276,-0.278272134219452,-0.117206411378486,-0.597727193817685,1.83243200543726,0.426273122126686,0.0542973073396555,0.126406757138002,0.798232111713826,0.269732326190522,0.82562162640019,0.80147169067908,-0.659572853469777,-0.668762848725002,-0.553565268560731,0.275756584338392,-0.599698162841992,-0.489815437994114,-0.576303987375049,-0.556520070081623
"bp_sys2",143.367627636242,1.3115292444317,2.1496129546187,1.59549045004287,0.861595211071651,-0.0369350140771415,0.246347892944752,0.0547197950444318,0.210062704370936,-38.4257723894073,-20.8573996586463,-16.8559318176922,9.1596714472975,-10.7030539808855,266.850350502895,107.179392939742,20.730808171044,311.568280626526,118.343993806206,16.9547972127926,273.248139463758,111.575288000816,12.5119787949842,-1.58923591731266,-2.15870541385346,5.74585259648245,4.18214150620989,-3.0366200758523,-2.2259972868217,45.9553444397283,98.0127987462453,33.6898700535458,50.8310206347133,29.3393571242001,38.4802794828262,26.0527153748204,30.904254277132,23.7068653519655,25.9464215750294,-3.36165466288463,-0.0858721859684986,1.86456219806763,17.7216183390527,-0.593848857644991,-2.99734337613116,-0.819148299574894,-0.896293114945403,-0.684927446444945,-0.458006055680587,-1.81518331041094,-1.65359971034425,-1.14772713595065,-1.52896924022672,6.52659557806118,1.71899287113445,2.11806251354505,0.86772308910561,3.49324697424356,2.59999579894974,3.54426392848212,2.52040682045511,-1.53187279736601,-2.11809121030258,-1.07574344419438,1.01370607026757,-2.22875640993582,-1.53758434191881,-2.36401984871218,0.027961538301242
"bp_dia2",21.7428091626776,0.300314944630702,0.363251059586138,0.0979805534779357,0.155475414637718,-0.00573423086512092,0.0391358205494331,-0.032398697987574,0.0160802419996816,17.1306825418382,-2.11137024399245,21.5198539118284,-1.27848157394816,-2.11063107699784,105.973394051311,98.6408107284364,29.8315883509023,118.343993806206,117.036376630338,30.6582693109404,111.348404526455,103.835049444388,28.7603731267204,-0.0968425850052257,-0.180520258590289,-0.294012099499234,0.232145688986349,0.218832886747328,0.198170848801944,0.857775646467285,28.8581689956902,-0.142180488441949,4.69209546819903,-0.316519198119368,2.93228418440643,-0.426517973749511,2.01105197858169,-0.345156066344521,0.821242000783597,-0.420855996593764,-0.148606415598711,0.531307367149758,13.794817966362,-0.840705454321216,-0.827220499781113,-0.0139605003815058,-0.269223282102577,-0.0603395308763087,-0.135703300825206,-0.261338259244298,-0.134335456620566,-0.210041185777214,-0.211517095780355,0.347226696097101,-0.150392986547919,-0.294780300042959,-0.526224279948192,0.167139943158867,0.00857644042420847,-0.0247419319573484,0.0716207745846717,0.476105534075827,0.242072281371625,0.663229458005527,1.16650903398927,0.252267513833587,0.321531083892768,0.212006226236046,0.690138055186874
"pulse2",21.0070728077882,-0.401186869139609,0.872503055621431,0.757404941289503,0.284653827847545,-0.083873007765231,0.176137126398906,0.0334537983613456,0.281373617625807,-12.3904216192626,4.95414313365692,-8.26050285441238,-6.15462618471947,-4.62436962582723,16.4392043315345,34.3802553023648,108.779465189685,16.9547972127926,30.6582693109404,121.776963849681,18.4986746865124,29.1587317769395,103.113314303191,-0.318200367720135,-0.517832917524253,0.376262337379216,1.13814658696725,-0.89521677823302,-0.78411045549849,18.606354757085,45.1497975708502,13.4703157894737,10.4448380566802,11.7238643724696,10.2206477732794,10.6269043522267,8.86285425101215,9.6643036437247,7.83502024291498,-2.14878892733564,-1.02156550567393,-0.134338768115942,8.61466204684018,-1.72442882249561,-1.11052874610952,-0.36143844839415,-0.108598501869057,-0.478113704227339,0.137179546970076,-0.471664343650015,-0.210619072716897,-0.10992392713563,-0.560607794897442,1.76946534053385,0.319704251223062,-0.127512113284731,0.0146145967581638,0.683031402882772,0.178240070754868,0.694153879014625,0.695946329370804,-0.521405119068229,-0.721520703252736,-0.444255744064222,0.367917679740448,-0.531994665974186,-0.421440439917671,-0.540028867152685,-0.435108615455146
"bp_sys3",138.44304231658,1.20460234931639,1.94339460889373,1.30100547438551,0.735499431591237,-0.0432807122824636,-0.0683934003133929,-0.02693177781517,0.234273733542996,-27.4698110600762,-13.5323424825774,-15.5002194639168,11.3322986853824,-9.50243888913336,251.778027512998,103.588619896977,21.2007340197778,273.248139463758,111.348404526455,18.4986746865124,299.831022530329,113.670710571924,14.3890814558059,-1.27917197215298,-2.01459354358524,5.65558044056676,3.89054526626455,-2.89489892990455,-2.30409907133539,45.9139557453672,76.7569039860439,35.7147258813074,44.404924130213,31.4267770975281,34.3070175438597,28.3853156248971,26.8889437477371,26.2538992791547,22.4250353839571,-2.83126811594203,-0.0227619204751691,1.30979440684459,16.9683522269383,-1.0884939265221,-3.51021739130435,-0.860922949091355,-0.806964530404402,-0.532771450667114,-0.492785091316534,-1.65287577851543,-1.44254831687612,-1.09770207980833,-1.47881976366842,6.15946506416052,1.68438087519213,1.66874883497152,0.656328048028364,3.25850532884285,2.37441884905002,3.25688403026232,2.35299880316573,-1.65559829588753,-1.92220004714361,-0.96807964461465,0.737143560053214,-2.24158553853506,-1.43943099628017,-2.30018850067163,-0.316856039387521
"bp_dia3",18.3032477614096,0.179324932601579,0.307331022742581,0.0800368633118195,0.0513810796694012,-0.0336148090088545,0.00727870464251698,-0.0534117324458903,-0.0728332254185552,14.9823096538027,-1.05419945274044,20.3615104831395,-2.74145715324988,-3.00145146476885,104.770920590218,97.1697687993453,27.9862371291671,111.575288000816,103.835049444388,29.1587317769395,113.670710571924,113.67417677643,29.4956672443674,0.0226850018728283,-0.146025854720174,-0.21951801854746,0.114160542409878,0.190415915490229,0.173284650556037,-2.26083046970146,19.9013528191962,-2.67591251110892,1.12548961522004,-2.69215289160989,0.137569533590073,-2.55689750172805,0.0456370758039564,-2.31653763865574,-0.661844573911326,-0.113671497584541,0.0462959907606006,0.748773190798475,12.7892636625691,-0.560647837643143,-0.667826086956522,-0.0317500098484946,-0.274911228736938,-0.0860901815352027,-0.0913376708148741,-0.232528065949395,-0.149178393371479,-0.18145413733645,-0.21603084290198,0.177200673895354,-0.145237723770714,-0.367169486296062,-0.502288238959999,0.0514663441419219,-0.0377199293168697,-0.123781929949757,-0.00265431557805838,0.379459576450151,0.177251448858866,0.619623252618731,1.05075604487685,0.216667903594539,0.218245334235305,0.225618974174341,0.553163807589476
"pulse3",13.2732735172347,-0.504862314654342,0.69889042656118,0.600232079654146,0.244910437213875,-0.0928471703427921,0.121697852336621,0.0442662079882339,0.287031726944778,-9.84661621591918,3.57326254604907,-6.59396424156901,-3.50419845575962,-5.28748910618973,11.3638431542461,31.3378496293087,101.865837496177,12.5119787949842,28.7603731267204,103.113314303191,14.3890814558059,29.4956672443674,113.779029462738,-0.0393965478604548,-0.356749939294525,-0.235347096792943,0.607757011482376,-0.326259193327564,-0.407601011973186,14.2607644086765,30.99320298871,10.5251065962279,7.97440834732234,9.0202271814621,7.80658964484382,8.06419977946743,7.81002929462493,7.28884719067838,6.9181396267404,-1.7004770531401,-0.872552384095034,-0.10214896838572,7.40242114817766,-1.47231537372382,-0.877826086956522,-0.288009867707271,-0.122171161993206,-0.51563013235731,0.0792346294059904,-0.308499672577916,-0.0671104642677241,-0.0850836978352685,-0.477263403801196,0.989451865563205,0.278875993244902,0.0558651813737522,0.230330977713341,0.36692345976002,-0.00938435736150772,0.465163793220361,0.547328379486716,-0.399890837670976,-0.524027278877078,-0.455829603929065,0.0732892498030299,-0.269594283352492,-0.208970283378324,-0.324076683446779,-0.415412596708989
"fa_FMaj",-3.35097052024652,-0.0299885964658867,-0.0426138661482786,-0.0472044028755869,-0.0254792642304541,-0.00454777044209703,-0.0176107767819035,-0.00141242276081349,-0.0182354072036338,1.953954047758,0.256862407628364,1.31442253181442,0.146552828176612,0.230683241286686,-1.3887643430307,-0.229390908154926,-0.387348781105533,-1.58923591731266,-0.0968425850052257,-0.318200367720135,-1.27917197215298,0.0226850018728283,-0.0393965478604548,0.284787452748986,0.0959829198218254,-0.409122028710538,-0.19694913124031,0.340053058821384,0.11963933199832,-1.56552045942962,-2.3521016770238,-1.18444580033846,-1.20797334655718,-1.04493090283943,-0.863074955612273,-0.945175739985019,-0.722253222271542,-0.8679862879307,-0.626809658491927,0.0843898215855414,-0.0767565115430715,-0.00513716277623065,-0.264123496291263,0.0173633406194888,0.0526508758923138,0.0389790667900497,0.0417698606118271,0.0525727477666019,0.054835436130463,0.0975693388407613,0.095671829380997,0.0605749644629083,0.07508784224475,-0.264934801207934,-0.145508022553748,-0.24659132043898,-0.111350556585451,-0.221211251513476,-0.192004691150887,-0.190450704298006,-0.111240137709506,0.0815491941150791,0.151151983167087,0.121464066746178,0.0386610872059184,0.156163211680635,0.16463785679497,0.172678050409581,0.0597462537122903
"fa_FMin",-5.15186044778275,0.0180366416293514,-0.0542308983763693,-0.0568053883020344,-0.0293984095446941,-0.00238284722222222,-0.015908592726684,-0.00256243750874878,-0.0148395503511267,2.70542704945643,0.19421218961652,1.9946269096766,0.152368102007065,0.397538403922266,-1.78826147693416,-0.190918985476471,-0.611019944729772,-2.15870541385346,-0.180520258590289,-0.517832917524253,-2.01459354358524,-0.146025854720174,-0.356749939294525,0.0959829198218254,0.153969337625003,-0.284296595001872,-0.211464304124031,0.1955021799391,0.174274731513524,-1.62195989977113,-2.77979313238639,-1.20632929312684,-1.56064154136381,-1.04397761031182,-1.23231269488986,-0.923181155702436,-1.04588850496588,-0.82916175032736,-0.887722372801421,0.140010375472117,-0.0702418885820001,-0.0309922827941155,-0.282733408270089,0.0342991902431754,0.0761664234034949,0.0574156089590923,0.0428656412108383,0.0925051165125759,0.0389232892722538,0.101249601628771,0.090426509248866,0.0745032092797898,0.0811799407995296,-0.295876574895121,-0.123249287298534,-0.162950393519308,-0.116406247654559,-0.180462313476984,-0.133231512199702,-0.182031063689814,-0.109477266591187,0.122989801622063,0.183475946203014,0.135668534135515,0.0476040890981712,0.152670678927869,0.122302597119099,0.16578642902148,0.0676426963214894
"md_FMaj",12.0292242012133,0.0693577668640763,0.125782340571205,0.13381468114241,0.0607902921885195,0.00472839397496087,0.0505840839183481,0.00608994290799288,0.0335863552703454,-5.76605238409959,-0.863024679462089,-4.88341447008118,0.746335501590178,-0.675575463291684,4.51766800833961,-0.569020594197023,0.681066218798289,5.74585259648245,-0.294012099499234,0.376262337379216,5.65558044056676,-0.21951801854746,-0.235347096792943,-0.409122028710538,-0.284296595001872,2.28018205880378,0.722748950387597,-0.841691867818084,-0.41369221868697,5.78693950634467,9.43073559340842,4.36266847668119,4.66382506935582,3.8760497568371,3.25105236087222,3.53715202343672,2.58312742606669,3.27125519111968,2.2551198010875,-0.339518521487979,0.290853228412111,0.0728778084768251,0.0832506795813005,0.00834955587570478,-0.122017825507375,-0.143848063384465,-0.0629132818189215,-0.0815410685566636,0.0169164378190415,-0.258245590740682,-0.235698117497816,-0.13107305598416,-0.15234993025531,1.11598866554765,0.487357477664819,0.905484716187631,0.318388293944668,0.801654558471464,0.738940556149183,0.661704045393849,0.311206773280702,-0.376626485597559,-0.446005423432908,-0.413224823534176,-0.151877879433257,-0.481767819288442,-0.481398464569744,-0.495962124915041,-0.19609403581483
"md_FMin",9.22558389570995,0.0260700252780586,0.112047347906886,0.111518381259781,0.0547511565386748,0.00478530027386541,0.036345338278364,0.00533380951666767,0.0287330113236517,-5.06572945965735,-0.51487814967582,-3.7737060712576,-0.204415822651532,-0.574812098109117,3.61389634563039,0.176773614408988,1.17374684857112,4.18214150620989,0.232145688986349,1.13814658696725,3.89054526626455,0.114160542409878,0.607757011482376,-0.19694913124031,-0.211464304124031,0.722748950387597,0.482304976744186,-0.358100610541085,-0.293198508046512,3.68475455491594,6.43854378571825,2.72972342379182,3.27136184181324,2.3691172978361,2.51413782666593,2.10766601682434,2.10196850274649,1.91262934792349,1.81327878544083,-0.268295329540295,0.13091904737089,0.0485969620093215,0.561769892017724,-0.0320374880151022,-0.138841735411454,-0.0971052510930232,-0.0616116305736434,-0.0943534439922481,-0.0350238811860465,-0.165672960968992,-0.14430417344186,-0.100058133782946,-0.126724617395349,0.647246914651163,0.256630832372093,0.365511642968992,0.189363729023256,0.413543358736434,0.333668084643411,0.382062127077519,0.234231495496124,-0.230956294992248,-0.309181846155039,-0.247941532403101,-0.0692717021085271,-0.294325712736434,-0.24811421551938,-0.308410606612403,-0.111762357565891
"mk_FMaj",-6.23313307458231,-0.0427806566758149,-0.084726069860133,-0.094435341206964,-0.0349808854695572,-0.007820626907277,-0.0389337717632861,-0.00361589657447957,-0.0249371417006639,3.7466981376774,0.166143933092132,2.94278041271272,0.270217672144508,0.325759247551514,-2.22258563412547,0.0970482397379719,-1.09638967434166,-3.0366200758523,0.218832886747328,-0.89521677823302,-2.89489892990455,0.190415915490229,-0.326259193327564,0.340053058821384,0.1955021799391,-0.841691867818084,-0.358100610541085,1.25115446239771,0.350282876100655,-3.22710320922432,-4.27364318093547,-2.50218605973201,-2.38092464905953,-2.22088097378489,-1.69236174055374,-2.02561092172363,-1.43010050768463,-1.86380391042695,-1.23019215724352,0.193113228364711,-0.102404223252905,0.00309097994760912,-0.110253539935529,0.0518415981271268,0.110606593051786,0.0877329963943613,0.0503353979729378,0.098156619146064,0.067671463967569,0.186740402795049,0.192841665393272,0.124757256315125,0.136765922669199,-0.535653665297355,-0.208578864131248,-0.215033173237557,-0.112427749439658,-0.384461496573388,-0.328235693159061,-0.334820822240832,-0.221589886029417,0.349876057486902,0.703229457606619,0.365970724138293,0.21613138216039,0.460506423234165,0.472347964919187,0.494669509249411,0.303336654391354
"mk_FMin",-5.17082461384756,0.00550908661948095,-0.0654641192292645,-0.0700345060641627,-0.0324914357268655,-0.00308162460876369,-0.0198066095633361,-0.00335763843061971,-0.0135096917860465,2.84996487148448,0.111393810496224,2.25345333979192,0.138464362685659,0.361626041224635,-1.93599193323166,0.244399310180628,-0.727532714909497,-2.2259972868217,0.198170848801944,-0.78411045549849,-2.30409907133539,0.173284650556037,-0.407601011973186,0.11963933199832,0.174274731513524,-0.41369221868697,-0.293198508046512,0.350282876100655,0.355972734221518,-2.33833567893247,-3.50810656660933,-1.77123706877185,-1.88945781778838,-1.54939491115519,-1.50049568468069,-1.38062890130944,-1.2750685707152,-1.24358343101038,-1.10262600843367,0.148046333664983,-0.0800266142060556,-0.01115614936747,-0.170002692591441,0.0649453357013339,0.110645816871613,0.0812558778362733,0.0429589946296589,0.112649631568123,0.0455933937233302,0.124408624282478,0.110869069190294,0.0939739970131759,0.107081750752322,-0.399686020631099,-0.157595437657739,-0.13916673228783,-0.11821794668889,-0.251082139376485,-0.198825932622771,-0.24123643519531,-0.144984197824153,0.256909618205846,0.384336238754698,0.289509352242326,0.143183130191494,0.284663586598987,0.242956433735714,0.29961332545122,0.212246715220078
"lst_01_tlv",87.306293547862,0.285003093119166,1.15935945059451,1.13810895175618,0.544435178351783,0.0528922919229192,0.281835770342834,0.0298048521437755,0.287423126005659,-55.6132127789506,-4.89304313592206,-40.5951646153902,-2.55474425861434,-6.05724881708874,25.1664974206608,-4.86594111597231,25.3325667036698,45.9553444397283,0.857775646467285,18.606354757085,45.9139557453672,-2.26083046970146,14.2607644086765,-1.56552045942962,-1.62195989977113,5.78693950634467,3.68475455491594,-3.22710320922432,-2.33833567893247,69.8919325395594,76.3676459463859,55.5831438496581,42.3959209897981,49.1958001028869,35.6302381701758,44.5686018464022,30.6811712339918,40.8164794420718,26.5701814087259,-3.19251758194053,1.2437183908046,1.21053301899686,6.94409949918906,-0.781843217594548,-1.46138924462774,-0.955012349018615,-0.636223422983826,-0.224659256788548,-0.00148072363299662,-1.4401800485574,-1.00169028844463,-1.16254739784373,-0.949539293042917,5.99152251004203,2.03973640183932,1.46375727620957,0.926091141506686,3.58218272073947,2.34141820306483,3.8772507092056,1.98622802657784,-2.14273312002164,-2.77934550263344,-1.36749158701798,-0.224448421027299,-2.68486204250541,-1.83607004875368,-3.14237781793195,-0.75598534562226
